m1=100;
k1=50;
b=50;